 [-171996.0, -174.2, 92025.0, 8.90],
 [-13187.00, -1.600, 5736.00, -3.1],
 [-2274.000, -0.200, 977.000, -0.5],
 [2062.0000, 0.2000, -895.00, 0.50],
 [-1426.000, 3.4000, 54.0000, -0.1],
 [712.00000, 0.1000, -7.0000, 0.00],
 [-517.0000, 1.2000, 224.000, -0.6],
 [-386.0000, -0.400, 200.000, 0.00],
 [-301.0000, 0.0000, 129.000, -0.1],
 [217.00000, -0.500, -95.000, 0.30],
 [158.00000, 0.0000, -1.0000, 0.00],
 [129.00000, 0.1000, -70.000, 0.00],
 [123.00000, 0.0000, -53.000, 0.00],
 [63.000000, 0.1000, -33.000, 0.00],
 [63.000000, 0.0000, -2.0000, 0.00],
 [-59.00000, 0.0000, 26.0000, 0.00],
 [-58.00000, -0.100, 32.0000, 0.00],
 [-51.00000, 0.0000, 27.0000, 0.00],
 [-48.00000, 0.0000, 1.00000, 0.00],
 [46.000000, 0.0000, -24.000, 0.00],
 [-38.00000, 0.0000, 16.0000, 0.00],
 [-31.00000, 0.0000, 13.0000, 0.00],
 [29.000000, 0.0000, -1.0000, 0.00],
 [29.000000, 0.0000, -12.000, 0.00],
 [26.000000, 0.0000, -1.0000, 0.00],
 [-22.00000, 0.0000, 0.00000, 0.00],
 [21.000000, -0.100, 0.00000, 0.00],
 [-16.00000, 0.1000, 7.00000, 0.00],
 [16.000000, 0.0000, -8.0000, 0.00],
 [-15.00000, 0.0000, 9.00000, 0.00],
 [-13.00000, 0.0000, 7.00000, 0.00],
 [-12.00000, 0.0000, 6.00000, 0.00],
 [11.000000, 0.0000, 0.00000, 0.00],
 [-10.00000, 0.0000, 5.00000, 0.00],
 [-8.000000, 0.0000, 3.00000, 0.00],
 [-7.000000, 0.0000, 3.00000, 0.00],
 [-7.000000, 0.0000, 3.00000, 0.00],
 [-7.000000, 0.0000, 0.00000, 0.00],
 [7.0000000, 0.0000, -3.0000, 0.00],
 [-6.000000, 0.0000, 3.00000, 0.00],
 [-6.000000, 0.0000, 3.00000, 0.00],
 [6.0000000, 0.0000, -3.0000, 0.00],
 [6.0000000, 0.0000, 0.00000, 0.00],
 [6.0000000, 0.0000, -3.0000, 0.00],
 [-5.000000, 0.0000, 3.00000, 0.00],
 [-5.000000, 0.0000, 3.00000, 0.00],
 [-5.000000, 0.0000, 3.00000, 0.00],
 [5.0000000, 0.0000, 0.00000, 0.00],
 [-4.000000, 0.0000, 0.00000, 0.00],
 [-4.000000, 0.0000, 0.00000, 0.00],
 [-4.000000, 0.0000, 0.00000, 0.00],
 [4.0000000, 0.0000, 0.00000, 0.00],
 [4.0000000, 0.0000, -2.0000, 0.00],
 [4.0000000, 0.0000, -2.0000, 0.00],
 [-3.000000, 0.0000, 0.00000, 0.00],
 [-3.000000, 0.0000, 0.00000, 0.00],
 [-3.000000, 0.0000, 1.00000, 0.00],
 [-3.000000, 0.0000, 1.00000, 0.00],
 [-3.000000, 0.0000, 1.00000, 0.00],
 [-3.000000, 0.0000, 1.00000, 0.00],
 [3.0000000, 0.0000, 0.00000, 0.00],
 [-2.000000, 0.0000, 1.00000, 0.00],
 [-2.000000, 0.0000, 1.00000, 0.00],
 [-2.000000, 0.0000, 1.00000, 0.00],
 [-2.000000, 0.0000, 1.00000, 0.00],
 [-2.000000, 0.0000, 1.00000, 0.00],
 [2.0000000, 0.0000, -1.0000, 0.00],
 [2.0000000, 0.0000, 0.00000, 0.00],
 [2.0000000, 0.0000, -1.0000, 0.00],
 [2.0000000, 0.0000, -1.0000, 0.00],
 [-1.000000, 0.0000, 0.00000, 0.00],
 [-1.000000, 0.0000, 1.00000, 0.00],
 [-1.000000, 0.0000, 0.00000, 0.00],
 [-1.000000, 0.0000, 0.00000, 0.00],
 [-1.000000, 0.0000, 0.00000, 0.00],
 [-1.000000, 0.0000, 0.00000, 0.00],
 [-1.000000, 0.0000, 0.00000, 0.00],
 [-1.000000, 0.0000, 0.00000, 0.00],
 [-1.000000, 0.0000, 0.00000, 0.00],
 [-1.000000, 0.0000, 0.00000, 0.00],
 [-1.000000, 0.0000, 0.00000, 0.00],
 [-1.000000, 0.0000, 0.00000, 0.00],
 [-1.000000, 0.0000, 0.00000, 0.00],
 [-1.000000, 0.0000, 1.00000, 0.00],
 [-1.000000, 0.0000, 0.00000, 0.00],
 [-1.000000, 0.0000, 0.00000, 0.00],
 [-1.000000, 0.0000, 0.00000, 0.00],
 [1.0000000, 0.0000, 0.00000, 0.00],
 [1.0000000, 0.0000, 0.00000, 0.00],
 [1.0000000, 0.0000, -1.0000, 0.00],
 [1.0000000, 0.0000, 0.00000, 0.00],
 [1.0000000, 0.0000, -1.0000, 0.00],
 [1.0000000, 0.0000, -1.0000, 0.00],
 [1.0000000, 0.0000, 0.00000, 0.00],
 [1.0000000, 0.0000, 0.00000, 0.00],
 [1.0000000, 0.0000, 0.00000, 0.00],
 [1.0000000, 0.0000, 0.00000, 0.00],
 [1.0000000, 0.0000, 0.00000, 0.00],
 [1.0000000, 0.0000, -1.0000, 0.00],
 [1.0000000, 0.0000, 0.00000, 0.00],
 [1.0000000, 0.0000, 0.00000, 0.00],
 [1.0000000, 0.0000, 0.00000, 0.00],
 [1.0000000, 0.0000, 0.00000, 0.00],
 [1.0000000, 0.0000, 0.00000, 0.00],


 [0, 0, 0, 0, 1],
 [0, 0, 2, -2, 2],
 [0, 0, 2, 0, 2],
 [0, 0, 0, 0, 2],
 [0, -1, 0, 0, 0],
 [1, 0, 0, 0, 0],
 [0, 1, 2, -2, 2],
 [0, 0, 2, 0, 1],
 [1, 0, 2, 0, 2],
 [0, -1, 2, -2, 2],
 [-1, 0, 0, 2, 0],
 [0, 0, 2, -2, 1],
 [-1, 0, 2, 0, 2],
 [1, 0, 0, 0, 1],
 [0, 0, 0, 2, 0],
 [-1, 0, 2, 2, 2],
 [-1, 0, 0, 0, 1],
 [1, 0, 2, 0, 1],
 [-2, 0, 0, 2, 0],
 [-2, 0, 2, 0, 1],
 [0, 0, 2, 2, 2],
 [2, 0, 2, 0, 2],
 [2, 0, 0, 0, 0],
 [1, 0, 2, -2, 2],
 [0, 0, 2, 0, 0],
 [0, 0, 2, -2, 0],
 [-1, 0, 2, 0, 1],
 [0, 2, 0, 0, 0],
 [0, 2, 2, -2, 2],
 [-1, 0, 0, 2, 1],
 [0, 1, 0, 0, 1],
 [1, 0, 0, -2, 1],
 [0, -1, 0, 0, 1],
 [2, 0, -2, 0, 0],
 [-1, 0, 2, 2, 1],
 [1, 0, 2, 2, 2],
 [0, -1, 2, 0, 2],
 [0, 0, 2, 2, 1],
 [1, 1, 0, -2, 0],
 [0, 1, 2, 0, 2],
 [-2, 0, 0, 2, 1],
 [0, 0, 0, 2, 1],
 [2, 0, 2, -2, 2],
 [1, 0, 0, 2, 0],
 [1, 0, 2, -2, 1],
 [0, 0, 0, -2, 1],
 [0, -1, 2, -2, 1],
 [2, 0, 2, 0, 1],
 [1, -1, 0, 0, 0],
 [1, 0, 0, -1, 0],
 [0, 0, 0, 1, 0],
 [0, 1, 0, -2, 0],
 [1, 0, -2, 0, 0],
 [2, 0, 0, -2, 1],
 [0, 1, 2, -2, 1],
 [1, 1, 0, 0, 0],
 [1, -1, 0, -1, 0],
 [-1, -1, 2, 2, 2],
 [0, -1, 2, 2, 2],
 [1, -1, 2, 0, 2],
 [3, 0, 2, 0, 2],
 [1, 0, 2, 0, 0],
 [-1, 0, 2, 4, 2],
 [1, 0, 0, 0, 2],
 [-1, 0, 2, -2, 1],
 [0, -2, 2, -2, 1],
 [-2, 0, 0, 0, 1],
 [2, 0, 0, 0, 1],
 [3, 0, 0, 0, 0],
 [1, 1, 2, 0, 2],
 [0, 0, 2, 1, 2],
 [1, 0, 0, 2, 1],
 [1, 0, 2, 2, 1],
 [1, 1, 0, -2, 1],
 [0, 1, 0, 2, 0],
 [0, 1, 2, -2, 0],
 [0, 1, -2, 2, 0],
 [1, 0, -2, 2, 0],
 [1, 0, -2, -2, 0],
 [1, 0, 2, -2, 0],
 [1, 0, 0, -4, 0],
 [2, 0, 0, -4, 0],
 [0, 0, 2, 4, 2],
 [0, 0, 2, -1, 2],
 [-2, 0, 2, 4, 2],
 [2, 0, 2, 2, 2],
 [0, -1, 2, 0, 1],
 [0, 0, -2, 0, 1],
 [0, 0, 4, -2, 2],
 [0, 1, 0, 0, 2],
 [1, 1, 2, -2, 2],
 [3, 0, 2, -2, 2],
 [-2, 0, 2, 2, 2],
 [-1, 0, 0, 0, 2],
 [0, 0, -2, 2, 1],
 [0, 1, 2, 0, 1],
 [-1, 0, 4, 0, 2],
 [2, 1, 0, -2, 0],
 [2, 0, 0, 2, 0],
 [2, 0, 2, -2, 1],
 [2, 0, -2, 0, 1],
 [1, -1, 0, -2, 0],
 [-1, 0, 0, 1, 1],
 [-1, -1, 0, 2, 1],
 [0, 1, 0, 1, 0]