-0.00000702215  0.00000000000   0.00000000000000
0.001030186080  1.10748969588   6283.07584999140
0.000017212380  1.06442301418   12566.1516999828
0.000000323460  1.02169059149   18849.2275499742
0.000000307990  2.84353804832   5507.55323866740
0.000000249710  1.31906709482   5223.69391980220
0.000000184850  1.42429748614   1577.34354244780
0.000000100780  5.91378194640   10977.0788046990
0.000000086340  0.27146150602   5486.77784317500
0.000000086540  1.42046854427   6275.96230299060
0.000000050690  1.68613426734   5088.62883976680
0.000000049850  6.01401770704   6286.59896834040
0.000000046690  5.98724494073   529.690965094600
0.000000043950  0.51800238019   4694.00295470760
0.000000038720  4.74969833437   2544.31441988340
0.000000037500  5.07097685568   796.298006816400
0.000000041000  1.08424786092   9437.76293488700
0.000000035180  0.02290216272   83996.8473181119
0.000000034360  0.94937019624   71430.6956181291
0.000000032210  6.15628775313   2146.16541647520
0.000000034140  5.41218322538   775.522611324000
0.000000028630  5.48432847146   10447.3878396044
0.000000025200  0.24276941146   398.149003408200
0.000000022010  4.95216196651   6812.76681508600
0.000000021860  0.41991743105   8031.09226305840
0.000000028380  3.42034351366   2352.86615377180
0.000000025540  6.13241878525   6438.49624942560
0.000000019320  5.31374608366   8429.24126646660
0.000000024290  3.09164528262   4690.47983635860
0.000000017300  1.53686208550   4705.73230754360
0.000000022500  3.68863633842   7084.89678111520
0.000000020930  1.28191783032   1748.01641306700
0.000000014410  0.81656250862   14143.4952424306
0.000000014830  3.22225357771   7234.79425624200
0.000000017540  3.22883705112   6279.55273164240
0.000000015830  4.09702349428   11499.6562227928
0.000000015750  5.53890170575   3154.68708489560
0.000000018470  1.82040335363   7632.94325965020
0.000000015040  3.63293385726   11513.8833167944
0.000000013370  4.64440864339   6836.64525283380
0.000000012750  2.69341415363   1349.86740965880
0.000000013520  6.15101580257   5746.27133789600
0.000000011250  3.35673439497   17789.8456197850
0.000000014700  3.65282991755   1194.44701022460
0.000000011770  2.57676109092   13367.9726311066
0.000000011010  4.49748696552   4292.33083295040
0.000000012340  5.65036509521   5760.49843189760
0.000000009840  0.65517395136   5856.47765911540
0.000000009280  2.32420318751   10213.2855462110
0.000000010770  5.82812169132   12036.4607348882
0.000000009160  0.76613009583   16730.4636895958
0.000000008770  1.50137505051   11926.2544136688
0.000000010230  5.62076589825   6256.77753019160
0.000000008510  0.65709335533   155.420399434200
0.000000008020  4.10519132088   951.718406250600
0.000000008570  1.41661697538   5753.38488489680
0.000000009940  1.14418521187   1059.38193018920
0.000000008130  1.63948433322   6681.22485339960
0.000000006620  4.55200452260   5216.58037280140
0.000000006440  4.19478168733   6040.34724601740
0.000000006260  1.50767713598   5643.17856367740
0.000000005900  6.18277145205   4164.31198961300
0.000000006350  0.52413263542   6290.18939699220
0.000000006500  0.97935690350   25132.3033999656
0.000000005680  2.30125315873   10973.5556863500
0.000000005470  5.27256412213   3340.61242669980
0.000000005470  2.20144422886   1592.59601363280
0.000000005260  0.92464258226   11371.7046897582
0.000000004900  5.90951388655   3894.18182954220
0.000000004780  1.66857963179   12168.0026965746
0.000000005160  3.59803483887   10969.9652576982
0.000000005180  3.97914412373   17298.1823273262
0.000000005340  5.03740926442   9917.69687450980
0.000000004870  2.50545369269   6127.65545055720
0.000000004160  4.04828175503   10984.1923516998
0.000000005380  5.54081539805   553.569402842400
0.000000004020  2.16544019233   7860.41939243920
0.000000005530  2.32177369366   11506.7697697936
0.000000003670  3.39152532250   6496.37494542940
0.000000003600  5.34379853282   7079.37385680780
0.000000003370  3.61563704045   11790.6290886588
0.000000004560  0.30754294809   801.820931123800
0.000000004170  3.70009308674   10575.4066829418
0.000000003810  5.82033971802   7058.59846131540
0.000000003210  0.31988767355   16200.7727245012
0.000000003640  1.08414306177   6309.37416979120
0.000000002940  4.54798604957   11856.2186514245
0.000000002900  1.26473978562   8635.94200376320
0.000000003990  4.16998866302   26.2983197998000
0.000000002620  5.08316906342   10177.2576795336
0.000000002430  2.25746091190   11712.9553182308
0.000000002370  1.05070575346   242.728603974000
0.000000002750  3.45319481756   5884.92684658320
0.000000002550  5.38496831087   21228.3920235458
0.000000003070  4.24313526604   3738.76143010800
0.000000002160  3.46037894728   213.299095438000
0.000000001960  0.69029243914   1990.74501704100
0.000000001980  5.16301829964   12352.8526045448
0.000000002140  3.91876200279   13916.0191096416
0.000000002120  4.00861198517   5230.80746680300
0.000000001840  5.59805976614   6283.14316029419
0.000000001840  2.85275392124   7238.67559160000
0.000000001790  2.54259058334   14314.1681130498
0.000000002250  1.64458698399   4732.03062734340
0.000000002360  5.58826125715   6069.77675455340
0.000000001870  2.72805985443   6062.66320755260
0.000000001840  6.04216273598   6283.00853968860
0.000000002300  3.62591335086   6284.05617105960
0.000000001630  2.19117396803   18073.7049386502
0.000000001720  0.97612950740   3930.20969621960
0.000000002150  1.04672844028   3496.03282613400
0.000000001690  4.75084479006   17267.2682016912
0.000000001520  0.19390712179   9779.10867612540
0.000000001820  5.16288118255   17253.0411076896
0.000000001490  0.80944184260   709.933048558300
0.000000001630  2.19209570390   6076.89030155420
0.000000001860  5.01159497089   11015.1064773348
0.000000001340  0.97765485759   65147.6197681377
0.000000001410  4.38421981312   4136.91043351620
0.000000001580  4.60974280627   9623.68827669120
0.000000001330  3.30508592837   154717.609887683
0.000000001630  6.11782626245   3.52311834900000
0.000000001740  1.58078542187   7.11354700080000
0.000000001410  0.49976927274   25158.6017197654
0.000000001240  6.03440460031   9225.53927328300
0.000000001500  5.30166336812   13517.8701062334
0.000000001270  1.92389511438   22483.8485744926
0.000000001210  2.37813129011   167283.761587666
0.000000001200  3.98423684853   4686.88940770680
0.000000001170  5.81072642211   12569.6748183318
0.000000001220  5.60973054224   5642.19824260920
0.000000001570  3.40236426002   16496.3613962024
0.000000001290  2.10705116371   1589.07289528380
0.000000001160  0.55839966736   5849.36411211460
0.000000001230  1.52961392771   12559.0381529820
0.000000001110  0.44848279675   6172.86952877200
0.000000001230  5.81645568991   6282.09552892320
0.000000001500  4.26278409223   3128.38876509580
0.000000001060  2.27437761356   5429.87946823940
0.000000001040  4.42743707728   23543.2305046818
0.000000001210  0.39459045915   12132.4399621060
0.000000001040  2.41842602527   426.598190876000
0.000000001100  5.80381480447   16858.4825329332
0.000000001000  2.93805577485   4535.05943692440
0.000000000970  3.97935904984   6133.51265285680
0.000000001100  6.22339014386   12146.6670561076
0.000000000980  0.87576563709   6525.80445396540
0.000000000980  3.15248421301   10440.2742926036
0.000000000950  2.46168411100   3097.88382272579
0.000000000880  0.23371480284   13119.7211028252
0.000000000980  5.77016493489   7342.45778018060
0.000000000920  6.03915555063   20426.5710924220
0.000000000960  5.56909292561   2388.89402044920
0.000000000810  1.32131147691   5650.29211067820
0.000000000860  3.94529200528   10454.5013866052
0.000000000760  2.70729716925   143571.324284816
0.000000000910  5.64100034152   8827.39026987480
0.000000000760  1.80783856698   28286.9904848612
0.000000000810  1.90858992196   29088.8114159850
0.000000000750  3.40955892978   5481.25491886760
0.000000000690  4.49936170873   17256.6315363414
0.000000000880  1.10098454357   11769.8536931664
0.000000000660  2.78285801977   536.804512095400
0.000000000680  3.88179770758   17260.1546546904
0.000000000840  1.59303306354   9380.95967271720
0.000000000880  3.88076636762   7477.52286021600
0.000000000610  6.17558202197   11087.2851259184
0.000000000600  4.34824715818   6206.80977871580
0.000000000820  4.59843208943   9388.00590941520
0.000000000790  1.63131230601   4933.20844033260
0.000000000780  4.20905757484   5729.50644714900
0.000000000570  5.48157926651   18319.5365848796
0.000000000600  1.01261781084   12721.5720994170
0.000000000560  1.63031935692   15720.8387848784
0.000000000550  0.24926735018   15110.4661198662
0.000000000610  5.93059279661   12539.8533801830
0.000000000550  4.84298966314   13095.8426650774
0.000000000670  6.11690589247   8662.24032356300
0.000000000540  5.73750638571   3634.62102451840
0.000000000740  1.05466745829   16460.3335295250
0.000000000530  2.29084335688   16062.1845261168
0.000000000640  2.13513767927   7875.67186362420
0.000000000670  0.07096807518   14945.3161735544
0.000000000510  2.31511194429   6262.72053059260
0.000000000570  5.77055471237   12043.5742818890
0.000000000560  4.41980790431   4701.11650170840
0.000000000590  5.87963500073   5331.35744374080
0.000000000580  2.30546168628   955.599741608600
0.000000000490  1.93839278478   5333.90024102160
0.000000000480  2.69973662261   6709.67404086740
0.000000000640  1.64379897981   6262.30045449900
0.000000000460  3.98449608961   98068.5367163054
0.000000000500  3.68875893005   12323.4230960088
0.000000000450  3.30068569697   22003.9146348698
0.000000000470  1.26317154881   11919.1408666680
0.000000000450  0.89150445122   51868.2486621788
0.000000000430  1.61526242998   6277.55292568400
0.000000000430  5.74295325645   11403.6769955750
0.000000000440  3.43070646822   10021.8372800994
0.000000000560  0.02481833774   15671.0817594066
0.000000000550  3.14274403422   33019.0211122046
0.000000000450  3.00877289177   8982.81066930900
0.000000000460  0.73303568429   6303.43116939020
0.000000000490  1.60455690285   6303.85124548380
0.000000000450  0.40210030323   6805.65326808520
0.000000000530  0.94869680175   10988.8081575350
0.000000000410  1.61122384329   6819.88036208680
0.000000000550  0.89439119424   11933.3679606696
0.000000000450  3.88495384656   60530.4889857418
0.000000000400  4.75740908001   38526.5743508720
0.000000000400  1.49921251887   18451.0785465660
0.000000000400  3.77498297228   26087.9031415742
0.000000000510  1.70258603562   1551.04522264800
0.000000000390  2.97100699926   2118.76386037840
0.000000000530  5.19854123078   77713.7714681205
0.000000000470  4.26356628717   21424.4666443034
0.000000000370  0.62902722802   24356.7807886416
0.000000000360  0.11087914947   10344.2950653858
0.000000000360  0.77037556319   12029.3471878874
0.000000000350  3.30933994515   24072.9214697764
0.000000000350  5.93650887012   31570.7996493912
0.000000000360  2.15108874765   30774.5016425748
0.000000000360  1.75078825382   16207.8862715020
0.000000000330  5.06264177921   226858.238554370
0.000000000340  6.16891378800   24491.4257925834
0.000000000350  3.19120695549   32217.2001810808
0.000000000340  2.31528650443   55798.4583583984
0.000000000320  4.21446357042   15664.0355227086
0.000000000390  1.24979117796   6418.14093002680
0.000000000370  4.11943655770   2787.04302385740
0.000000000320  1.62887710890   639.897286314000
0.000000000380  5.89832942685   640.877607382200
0.000000000320  1.72442327688   27433.8892158750
0.000000000310  2.78828943753   12139.5535091068
0.000000000350  4.44608896525   18202.2167166594
0.000000000340  3.96287980676   18216.4438106610
0.000000000330  4.73611335874   16723.3501425950
0.000000000340  1.43910280005   49515.3825084070
0.000000000310  0.23302920161   23581.2581773176
0.000000000290  2.02633840220   11609.8625440122
0.000000000300  2.54923230240   9924.81042151060
0.000000000320  4.91793198558   11300.5842213564
0.000000000280  0.26187189577   13521.7514415914
0.000000000280  3.84568936822   2699.73481931760
0.000000000290  1.83149729794   29822.7832363242
0.000000000330  4.60320094415   19004.6479494084
0.000000000270  4.46183450287   6702.56049386660
0.000000000300  4.46494072240   36147.4098773004
0.000000000270  0.03211931363   6279.78949257360
0.000000000260  5.46497324333   6245.04817735560
0.000000000350  4.52695674113   36949.2308084242
0.000000000270  3.52528177609   10770.8932562618
0.000000000260  1.48499438453   11080.1715789176
0.000000000350  2.82154380962   19402.7969528166
0.000000000250  2.46339998836   6279.48542133960
0.000000000260  4.97688894643   16737.5772365966
0.000000000260  2.36136541526   17996.0311682222
0.000000000290  4.15148654061   45892.7304331570
0.000000000260  4.50714272714   17796.9591667858
0.000000000270  4.72625223674   1066.49547719000
0.000000000250  2.89309528854   6286.66627864320
0.000000000270  0.37462444357   12964.3007033910
0.000000000290  4.94860010533   5863.59120611620
0.000000000310  3.93096113577   29864.3340273090
0.000000000240  6.14987193584   18606.4989460002
0.000000000240  3.74225964547   29026.4852295078
0.000000000250  5.70460621565   27707.5424942948
0.000000000250  5.33928840652   15141.3907943120
0.000000000270  3.02320897140   6286.36220740920
0.000000000230  0.28364955406   5327.47610838280
0.000000000260  1.34240461687   18875.5258697740
0.000000000240  1.33998410121   19800.9459562248
0.000000000250  6.00172494004   6489.26139842860
0.000000000220  1.81777974484   6288.59877429880
0.000000000220  3.58603606640   6915.85958930460
0.000000000290  2.09564449439   15265.8865193004
0.000000000220  1.02173599251   11925.2740926006
0.000000000220  4.74660932338   28230.1872226914
0.000000000210  2.30688751432   5999.21653112620
0.000000000210  3.22654944430   25934.1243310894
0.000000000210  3.04956726238   6566.93516885660
0.000000000270  5.35653084499   33794.5437235286
0.000000000280  3.91168324815   18208.3499425920
0.000000000200  1.52296293311   135.065080035400
0.000000000220  4.66462839521   13362.4497067992
0.000000000190  1.78121167862   156137.475984799
0.000000000190  2.99969102221   19651.0484810980
0.000000000190  2.86664273362   18422.6293590982
0.000000000250  0.94995632141   31415.3792499570
0.000000000190  4.71432851499   77690.7595057385
0.000000000190  2.54227398241   77736.7834305025
0.000000000200  5.91915117116   48739.8598970830
