0.00000034955  0.00000000000   0.00000000000000
0.00000289226  5.84384198723   6283.07584999140
0.00000016819  5.48766912348   12566.1516999828
0.00000002962  5.19577265202   155.420399434200
0.00000001288  4.72200252235   3.52311834900000
0.00000000635  5.96925937141   242.728603974000
0.00000000714  5.30045809128   18849.2275499742
0.00000000402  3.78682982419   553.569402842400
0.00000000072  4.29768126180   6286.59896834040
0.00000000067  0.90721687647   6127.65545055720
0.00000000036  5.24029648014   6438.49624942560
0.00000000024  5.16003960716   25132.3033999656
0.00000000023  3.01921570335   6309.37416979120
0.00000000017  5.82863573502   6525.80445396540
0.00000000017  3.67772863930   71430.6956181291
0.00000000009  4.58467294499   1577.34354244780
0.00000000008  1.40626662824   11856.2186514245
0.00000000008  5.07561257196   6256.77753019160
0.00000000007  2.82473374405   83996.8473181119
0.00000000005  2.71488713339   10977.0788046990
0.00000000005  3.76879847273   12036.4607348882
0.00000000005  4.28412873331   6275.96230299060
