1.75347045673, 0.00000000000, 0.00000000000000
0.03341656456, 4.66925680417, 6283.07584999140
0.00034894275, 4.62610241759, 12566.1516999828
0.00003417571, 2.82886579606, 3.52311834900000
0.00003497056, 2.74411800971, 5753.38488489680
0.00003135896, 3.62767041758, 77713.7714681205
0.00002676218, 4.41808351397, 7860.41939243920
0.00002342687, 6.13516237631, 3930.20969621960
0.00001273166, 2.03709655772, 529.690965094600
0.00001324292, 0.74246356352, 11506.7697697936
0.00000901855, 2.04505443513, 26.2983197998000
0.00001199167, 1.10962944315, 1577.34354244780
0.00000857223, 3.50849156957, 398.149003408200
0.00000779786, 1.17882652114, 5223.69391980220
0.00000990250, 5.23268129594, 5884.92684658320
0.00000753141, 2.53339053818, 5507.55323866740
0.00000505264, 4.58292563052, 18849.2275499742
0.00000492379, 4.20506639861, 775.522611324000
0.00000356655, 2.91954116867, 0.06731030280000
0.00000284125, 1.89869034186, 796.298006816400
0.00000242810, 0.34481140906, 5486.77784317500
0.00000317087, 5.84901952218, 11790.6290886588
0.00000271039, 0.31488607649, 10977.0788046990
0.00000206160, 4.80646606059, 2544.31441988340
0.00000205385, 1.86947813692, 5573.14280143310
0.00000202261, 2.45767795458, 6069.77675455340
0.00000126184, 1.08302630210, 20.7753954924000
0.00000155516, 0.83306073807, 213.299095438000
0.00000115132, 0.64544911683, 0.98032106820000
0.00000102851, 0.63599846727, 4694.00295470760
0.00000101724, 4.26679821365, 7.11354700080000
0.00000099206, 6.20992940258, 2146.16541647520
0.00000132212, 3.41118275555, 2942.46342329160
0.00000097607, 0.68101272270, 155.420399434200
0.00000085128, 1.29870743025, 6275.96230299060
0.00000074651, 1.75508916159, 5088.62883976680
0.00000101895, 0.97569221824, 15720.8387848784
0.00000084711, 3.67080093025, 71430.6956181291
0.00000073547, 4.67926565481, 801.820931123800
0.00000073874, 3.50319443167, 3154.68708489560
0.00000078756, 3.03698313141, 12036.4607348882
0.00000079637, 1.80791330700, 17260.1546546904
0.00000085803, 5.98322631256, 161000.685737674
0.00000056963, 2.78430398043, 6286.59896834040
0.00000061148, 1.81839811024, 7084.89678111520
0.00000069627, 0.83297596966, 9437.76293488700
0.00000056116, 4.38694880779, 14143.4952424306
0.00000062449, 3.97763880587, 8827.39026987480
0.00000051145, 0.28306864501, 5856.47765911540
0.00000055577, 3.47006009062, 6279.55273164240
0.00000041036, 5.36817351402, 8429.24126646660
0.00000051605, 1.33282746983, 1748.01641306700
0.00000051992, 0.18914945834, 12139.5535091068
0.00000049000, 0.48735065033, 1194.44701022460
0.00000039200, 6.16832995016, 10447.3878396044
0.00000035566, 1.77597314691, 6812.76681508600
0.00000036770, 6.04133859347, 10213.2855462110
0.00000036596, 2.56955238628, 1059.38193018920
0.00000033291, 0.59309499459, 17789.8456197850
0.00000035954, 1.70876111898, 2352.86615377180
0.00000040938, 2.39850881707, 19651.0484810980
0.00000030047, 2.73975123935, 1349.86740965880
0.00000030412, 0.44294464135, 83996.8473181119
0.00000023663, 0.48473567763, 8031.09226305840
0.00000023574, 2.06527720049, 3340.61242669980
0.00000021089, 4.14825464101, 951.718406250600
0.00000024738, 0.21484762138, 3.59042865180000
0.00000025352, 3.16470953405, 4690.47983635860
0.00000022820, 5.22197888032, 4705.73230754360
0.00000021419, 1.42563735525, 16730.4636895958
0.00000021891, 5.55594302562, 553.569402842400
0.00000017481, 4.56052900359, 135.065080035400
0.00000019925, 5.22208471269, 12168.0026965746
0.00000019860, 5.77470167653, 6309.37416979120
0.00000020300, 0.37133792946, 283.859318865200
0.00000014421, 4.19315332546, 242.728603974000
0.00000016225, 5.98837722564, 11769.8536931664
0.00000015077, 4.19567181073, 6256.77753019160
0.00000019124, 3.82219996949, 23581.2581773176
0.00000018888, 5.38626880969, 149854.400134808
0.00000014346, 3.72355084422, 38.0276726358000
0.00000017898, 2.21490735647, 13367.9726311066
0.00000012054, 2.62229588349, 955.599741608600
0.00000011287, 0.17739328092, 4164.31198961300
0.00000013971, 4.40138139996, 6681.22485339960
0.00000013621, 1.88934471407, 7632.94325965020
0.00000012503, 1.13052412208, 5.52292430740000
0.00000010498, 5.35909518669, 1592.59601363280
0.00000009803, 0.99947478995, 11371.7046897582
0.00000009220, 4.57138609781, 4292.33083295040
0.00000010327, 6.19982566125, 6438.49624942560
0.00000012003, 1.00351456700, 632.783739313200
0.00000010827, 0.32734520222, 103.092774218600
0.00000008356, 4.53902685948, 25132.3033999656
0.00000010005, 6.02914963280, 5746.27133789600
0.00000008409, 3.29946744189, 7234.79425624200
0.00000008006, 5.82145271907, 28.4491874678000
0.00000010523, 0.93871805506, 11926.2544136688
0.00000007686, 3.12142363172, 7238.67559160000
0.00000009378, 2.62414241032, 5760.49843189760
0.00000008127, 6.11228001785, 4732.03062734340
0.00000009232, 0.48343968736, 522.577418093800
0.00000009802, 5.24413991147, 27511.4678735372
0.00000007871, 0.99590177926, 5643.17856367740
0.00000008123, 6.27053013650, 426.598190876000
0.00000009048, 5.33686335897, 6386.16862421000
0.00000008620, 4.16538210888, 7058.59846131540
0.00000006297, 4.71724819317, 6836.64525283380
0.00000007575, 3.97382858911, 11499.6562227928
0.00000007756, 2.95729056763, 23013.5395395872
0.00000007314, 0.60652505806, 11513.8833167944
0.00000005955, 2.87641047971, 6283.14316029419
0.00000006534, 5.79072926033, 18073.7049386502
0.00000007188, 3.99831508699, 74.7815985673000
0.00000007346, 4.38582365437, 316.391869656600
0.00000005413, 5.39199024641, 419.484643875200
0.00000005127, 2.36062848786, 10973.5556863500
0.00000007056, 0.32258441903, 263.083923372800
0.00000006625, 3.66475158672, 17298.1823273262
0.00000006762, 5.91132535899, 90955.5516944961
0.00000004938, 5.73672165674, 9917.69687450980
0.00000005547, 2.45152597661, 12352.8526045448
0.00000005958, 3.32051344676, 6283.00853968860
0.00000004471, 2.06385999536, 7079.37385680780
0.00000006153, 1.45823331144, 233141.314404362
0.00000004348, 4.42342175480, 5216.58037280140
0.00000006123, 1.07494905258, 19804.8272915828
0.00000004488, 3.65285037150, 206.185548437200
0.00000004020, 0.83995823171, 20.3553193988000
0.00000005188, 4.06503864016, 6208.29425142410
0.00000005307, 0.38217636096, 31441.6775697568
0.00000003785, 2.34369213733, 3.88133535800000
0.00000004497, 3.27230796845, 11015.1064773348
0.00000004132, 0.92128915753, 3738.76143010800
0.00000003521, 5.97844807108, 3894.18182954220
0.00000004215, 1.90601120623, 245.831646229400
0.00000003701, 5.03069397926, 536.804512095400
0.00000003865, 1.82634360607, 11856.2186514245
0.00000003652, 1.01838584934, 16200.7727245012
0.00000003390, 0.97785123922, 8635.94200376320
0.00000003737, 2.95380107829, 3128.38876509580
0.00000003507, 3.71291946325, 6290.18939699220
0.00000003086, 3.64646921512, 10.6366653498000
0.00000003397, 1.10590684017, 14712.3171164580
0.00000003334, 0.83684924911, 6496.37494542940
0.00000002805, 2.58504514144, 14314.1681130498
0.00000003650, 1.08344142571, 88860.0570709867
0.00000003388, 3.20185096055, 5120.60114558360
0.00000003252, 3.47859752062, 6133.51265285680
0.00000002553, 3.94869034189, 1990.74501704100
0.00000003520, 2.05559692878, 244287.600007228
0.00000002565, 1.56071784900, 23543.2305046818
0.00000002621, 3.85639359951, 266.607041721800
0.00000002955, 3.39692949667, 9225.53927328300
0.00000002876, 6.02635617464, 154717.609887683
0.00000002395, 1.16131956403, 10984.1923516998
0.00000003161, 1.32798718453, 10873.9860304804
0.00000003163, 5.08946464629, 21228.3920235458
0.00000002361, 4.27212906992, 6040.34724601740
0.00000003030, 1.80209931347, 35371.8872659764
0.00000002343, 3.57689860500, 10969.9652576982
0.00000002618, 2.57870156528, 22483.8485744926
0.00000002113, 3.71393780256, 65147.6197681377
0.00000002019, 0.81393923319, 170.672870619200
0.00000002003, 0.38091017375, 6172.86952877200
0.00000002506, 3.74379142438, 10575.4066829418
0.00000002381, 0.10581361289, 7.04623669800000
0.00000001949, 4.86892513469, 36.0278666774000
0.00000002074, 4.22794774570, 5650.29211067820
0.00000001924, 5.59460549860, 6282.09552892320
0.00000001949, 1.07002512703, 5230.80746680300
0.00000001988, 5.19736046771, 6262.30045449900
0.00000001887, 3.74365662683, 23.8784377478000
0.00000001787, 1.25929682929, 12559.0381529820
0.00000001883, 1.90364058477, 15.2524711850000
0.00000001816, 3.68083868442, 15110.4661198662
0.00000001701, 4.41105895380, 110.206321219400
0.00000001990, 3.93295788548, 6206.80977871580
0.00000002103, 0.75354917468, 13521.7514415914
0.00000001774, 0.48747535361, 1551.04522264800
0.00000001882, 0.86684493432, 22003.9146348698
0.00000001924, 1.22898324132, 709.933048558300
0.00000002009, 4.62850921980, 6037.24420376200
0.00000001924, 0.60231842508, 6284.05617105960
0.00000001596, 3.98332956992, 13916.0191096416
0.00000001664, 4.41939715469, 8662.24032356300
0.00000001971, 1.04560500503, 18209.3302636602
0.00000001942, 4.31335979989, 6244.94281435360
0.00000001476, 0.93271367331, 2379.16447357160
0.00000001810, 0.49112137707, 1.48447270830000
0.00000001346, 1.51574702235, 4136.91043351620
0.00000001528, 5.61835711404, 6127.65545055720
0.00000001791, 3.22187270126, 39302.0969621960
0.00000001747, 3.05638656738, 18319.5365848796
0.00000001431, 4.51153808594, 20426.5710924220
0.00000001695, 0.22047718414, 25158.6017197654
0.00000001242, 4.46665769933, 17256.6315363414
0.00000001463, 4.69242679213, 14945.3161735544
0.00000001205, 1.86912144659, 4590.91018048900
0.00000001192, 2.74227166898, 12569.6748183318
0.00000001222, 5.18120087482, 5333.90024102160
0.00000001390, 5.42894648983, 143571.324284816
0.00000001473, 1.70479245805, 11712.9553182308
0.00000001362, 2.61069503292, 6062.66320755260
0.00000001148, 6.03001800540, 3634.62102451840
0.00000001198, 5.15294130422, 10177.2576795336
0.00000001266, 0.11421493643, 18422.6293590982
0.00000001411, 1.09908857534, 3496.03282613400
0.00000001349, 2.99805109633, 17654.7805397496
0.00000001253, 2.79850152848, 167283.761587666
0.00000001311, 1.60942984879, 5481.25491886760
0.00000001079, 6.20304501787, 3.28635741780000
0.00000001181, 1.20653776978, 131.541961686400
0.00000001254, 5.45103277798, 6076.89030155420
0.00000001035, 2.32142722747, 7342.45778018060
0.00000001117, 0.38838354256, 949.175608969800
0.00000000966, 3.18341890851, 11087.2851259184
0.00000001171, 3.39635049962, 12562.6285816338
0.00000001121, 0.72627490378, 220.412642438800
0.00000001024, 2.19378315386, 11403.6769955750
0.00000000888, 3.91173199285, 4686.88940770680
0.00000000910, 1.98802695087, 735.876513531800
0.00000000830, 0.48984915507, 24072.9214697764
0.00000001096, 6.17377835617, 5436.99301524020
0.00000000908, 0.44959639433, 7477.52286021600
0.00000000974, 1.52996238356, 9623.68827669120
0.00000000840, 1.79543266333, 5429.87946823940
0.00000000778, 6.17699177946, 38.1330356378000
0.00000000776, 4.09855402433, 14.2270940016000
0.00000001068, 4.64200173735, 43232.3066584156
0.00000000954, 1.49988435748, 1162.47470440780
0.00000000907, 0.86986870809, 10344.2950653858
0.00000000931, 4.06044689031, 28766.9244244840
0.00000000739, 5.04368197372, 639.897286314000
0.00000000937, 3.46884698960, 1589.07289528380
0.00000000763, 5.86304932998, 16858.4825329332
0.00000000953, 4.20801492835, 11190.3779001370
0.00000000708, 1.72899988940, 13095.8426650774
0.00000000969, 1.64439522215, 29088.8114159850
0.00000000717, 0.16688678895, 11.7293528360000
0.00000000962, 3.53092337542, 12416.5885028482
0.00000000747, 5.77866940346, 12592.4500197826
0.00000000672, 1.91095796194, 3.93215326310000
0.00000000671, 5.46240843677, 18052.9295431578
0.00000000675, 6.28311558823, 4535.05943692440
0.00000000684, 0.39975012080, 5849.36411211460
0.00000000799, 0.29851185294, 12132.4399621060
0.00000000758, 0.96370823331, 1052.26838318840
0.00000000782, 5.33878339919, 13517.8701062334
0.00000000730, 1.70106160291, 17267.2682016912
0.00000000749, 2.59599901875, 11609.8625440122
0.00000000734, 2.78417782952, 640.877607382200
0.00000000688, 5.15048287468, 16496.3613962024
0.00000000770, 1.62469589333, 4701.11650170840
0.00000000633, 2.20587893893, 25934.1243310894
0.00000000760, 4.21317219403, 377.373607915800
0.00000000584, 2.13420121623, 10557.5941608238
0.00000000574, 0.24250054587, 9779.10867612540
0.00000000573, 3.16435264609, 533.214083443600
0.00000000685, 3.19344289472, 12146.6670561076
0.00000000675, 0.96179233959, 10454.5013866052
0.00000000648, 1.46327342555, 6268.84875598980
0.00000000589, 2.50543543638, 3097.88382272579
0.00000000551, 5.28099026956, 9388.00590941520
0.00000000696, 3.65342150016, 4804.20927592700
0.00000000669, 2.51030077026, 2388.89402044920
0.00000000550, 0.06883864342, 20199.0949596330
0.00000000629, 4.13350995675, 45892.7304331570
0.00000000678, 6.09190163533, 135.625325010000
0.00000000593, 1.50136257618, 226858.238554370
0.00000000542, 3.58573645173, 6148.01076995600
0.00000000682, 5.02203067788, 17253.0411076896
0.00000000565, 4.29309238610, 11933.3679606696
0.00000000486, 0.77746204893, 27.4015560968000
0.00000000503, 0.58963565969, 15671.0817594066
0.00000000616, 4.06539884128, 227.476132789000
0.00000000583, 6.12695541996, 18875.5258697740
0.00000000537, 2.15056440980, 21954.1576093980
0.00000000669, 6.06986269566, 47162.5163546352
0.00000000475, 0.40343842110, 6915.85958930460
0.00000000540, 2.83444222174, 5326.78669402080
0.00000000530, 5.26359885263, 10988.8081575350
0.00000000582, 3.24533095664, 153.778810484800
0.00000000641, 3.24711791371, 2107.03450754240
0.00000000621, 3.09698523779, 33019.0211122046
0.00000000466, 3.14982372198, 10440.2742926036
0.00000000466, 0.90708835657, 5966.68398033480
0.00000000528, 0.81926454470, 813.550283959800
0.00000000603, 3.81378921927, 316428.228673915
0.00000000559, 1.81894804124, 17996.0311682222
0.00000000437, 2.28625594435, 6303.85124548380
0.00000000518, 4.86069178322, 20597.2439630412
0.00000000424, 6.23520018693, 6489.26139842860
0.00000000518, 6.17617826756, 0.24381748350000
0.00000000404, 5.72804304258, 5642.19824260920
0.00000000458, 1.34117773915, 6287.00800325450
0.00000000548, 5.68454458320, 155427.542936241
0.00000000547, 1.03391472061, 3646.35037735440
0.00000000428, 4.69800981138, 846.082834751200
0.00000000413, 6.02520699406, 6279.48542133960
0.00000000534, 3.03030638223, 66567.4858652543
0.00000000383, 1.49056949125, 19800.9459562248
0.00000000410, 5.28319622279, 18451.0785465660
0.00000000352, 4.68891600359, 4907.30205014560
0.00000000480, 5.36572651091, 348.924420448000
0.00000000344, 5.89157452896, 6546.15977336420
0.00000000340, 0.37557426440, 13119.7211028252
0.00000000434, 4.98417785901, 6702.56049386660
0.00000000332, 2.68902519126, 29296.6153895786
0.00000000448, 2.16478480251, 5905.70224207560
0.00000000344, 2.06546633735, 49.7570254718000
0.00000000315, 1.24023811803, 4061.21921539440
0.00000000324, 2.30897526929, 5017.50837136500
0.00000000413, 0.17171692962, 6286.66627864320
0.00000000431, 3.86601101393, 12489.8856287072
0.00000000349, 4.55372342974, 4933.20844033260
0.00000000323, 0.41971136084, 10770.8932562618
0.00000000341, 2.68612860807, 11.0457002639000
0.00000000316, 3.52936906658, 17782.7320727842
0.00000000315, 5.63357264999, 568.821874027400
0.00000000340, 3.83571212349, 10660.6869350424
0.00000000297, 0.62691416712, 20995.3929664494
0.00000000405, 1.00085779471, 16460.3335295250
0.00000000414, 1.21998752076, 51092.7260508548
0.00000000336, 4.71465945226, 6179.98307577280
0.00000000361, 3.71227508354, 28237.2334593894
0.00000000385, 6.21925225757, 24356.7807886416
0.00000000327, 1.05606504715, 11919.1408666680
0.00000000327, 6.14222420989, 6254.62666252360
0.00000000268, 2.47224339737, 664.756045130000
0.00000000269, 1.86207884109, 23141.5583829246
0.00000000345, 0.93461290184, 6058.73105428950
0.00000000296, 4.51687557180, 6418.14093002680
0.00000000353, 4.50033653082, 36949.2308084242
0.00000000260, 4.04963546305, 6525.80445396540
0.00000000298, 2.20046722622, 156137.475984799
0.00000000253, 3.49900838384, 29864.3340273090
0.00000000254, 2.44901693835, 5331.35744374080
0.00000000296, 0.84347588787, 5729.50644714900
0.00000000298, 1.29194706125, 22805.7355659936
0.00000000241, 2.00721280805, 16737.5772365966
0.00000000311, 1.23668016334, 6281.59137728310
0.00000000240, 2.51650377121, 6245.04817735560
0.00000000332, 3.55576945724, 7668.63742494250
0.00000000264, 4.44052061202, 12964.3007033910
0.00000000257, 1.79654471948, 11080.1715789176
0.00000000260, 3.33077598420, 5888.44996493220
0.00000000285, 0.30886361430, 11823.1616394502
0.00000000290, 5.70141882483, 77.6737704280000
0.00000000255, 4.00939664440, 5881.40372823420

0.00000000253, 4.73318493678, 16723.3501425950
0.00000000228, 0.95333661324, 5540.08578945880
0.00000000319, 1.38633229189, 163096.180361183
0.00000000224, 1.65156322696, 10027.9031957292
0.00000000226, 0.34106460604, 17796.9591667858
0.00000000236, 4.19817431922, 19.6697608997900
0.00000000280, 4.14080268970, 12539.8533801830
0.00000000275, 5.50306930248, 32.5325507914000
0.00000000223, 5.23334210294, 56.8983749356000
0.00000000217, 6.08587881787, 6805.65326808520

0.00000000280 4.52472044653 6016.46880826960
0.00000000227 5.06509843737 6277.55292568400
0.00000000226 5.17755154305 11720.0688652316
0.00000000245 3.96486270306 22.7752014508000
0.00000000220 4.72078081970 6.62855890001000
0.00000000207 5.71701403951 41.5507909848000
0.00000000204 3.91227411250 2699.73481931760
0.00000000209 0.86881969011 6321.10352262720
0.00000000200 2.11984445273 4274.51831083240
0.00000000200 5.39839888163 6019.99192661860

0.00000000209 5.67606291663 11293.4706743556
0.00000000252 1.64965729351 9380.95967271720
0.00000000275 5.04826903506 73.2971258590000
0.00000000208 1.88207277133 11300.5842213564
0.00000000272 0.74640926842 1975.49254585600
0.00000000199 3.30836672397 22743.4093795164
0.00000000269 4.48560812155 64471.9912417449
0.00000000192 2.17464236325 5863.59120611620
0.00000000228 5.85373115869 128.018843337400
0.00000000261 2.64321183295 55022.9357470744

0.00000000220 5.75012110079 29.4295085360000
0.00000000187 4.03230554718 467.964990354400
0.00000000200 5.60556112058 1066.49547719000
0.00000000231 1.09802712785 12341.8069042809
0.00000000199 0.29500625200 149.563197134600
0.00000000249 5.10473210814 7875.67186362420
0.00000000208 0.93013835019 14919.0178537546
0.00000000179 0.87104393079 12721.5720994170
0.00000000203 1.56920753653 28286.9904848612
0.00000000179 2.47036386443 16062.1845261168

0.00000000198 3.54061588502 30.9141256350000
0.00000000171 3.45356518113 5327.47610838280
0.00000000183 0.72325421604 6272.03014972750
0.00000000216 2.97174580686 19402.7969528166
0.00000000168 2.51550550242 23937.8563897410
0.00000000195 0.09045393425 156.400720502400
0.00000000179 4.49471798090 31415.3792499570
0.00000000216 0.42177594328 23539.7073863328
0.00000000189 0.37542530191 9814.60410029120
0.00000000218 2.36835880025 16627.3709153772

0.00000000166 4.23182968446 16840.6700108152
0.00000000200 2.02153258098 16097.6799502826
0.00000000169 0.91318727000 95.9792272178000
0.00000000211 5.73370637657 151.897281085200
0.00000000204 0.42643085174 515.463871093000
0.00000000212 3.00233538977 12043.5742818890
0.00000000192 5.46153589821 6379.05507720920
0.00000000165 1.38698167064 4171.42553661380
0.00000000160 6.23798383332 202.253395174100
0.00000000215 0.20889073407 5621.84292321040

0.00000000181 4.12439203622 13341.6743113068
0.00000000153 1.24460848836 29826.3063546732
0.00000000150 3.12999753018 799.821125165400
0.00000000175 4.55671604437 239424.390254353
0.00000000192 1.33928820063 394.625885059200
0.00000000149 2.65697593276 21.3356404670000
0.00000000146 5.58021191726 412.371096874400
0.00000000156 3.75650175503 12323.4230960088
0.00000000143 3.75708566606 58864.5439181463
0.00000000143 3.28248547724 29.8214381488000

0.00000000144 1.07862546598 1265.56747862640
0.00000000148 0.23389236655 10021.8372800994
0.00000000193 5.92751083086 40879.4405046438
0.00000000140 4.97612440269 158.943517783200
0.00000000148 2.61640453469 17157.0618804718
0.00000000141 3.66871308723 26084.0218062162
0.00000000147 5.09968173403 661.232926781000
0.00000000146 4.96885605695 57375.8019008462
0.00000000142 0.78678347839 12779.4507954208
0.00000000134 4.79432636012 111.186642287600

0.00000000140 1.27748013377 107.663523938600
0.00000000169 2.74893543762 26735.9452622132
0.00000000165 3.95288000638 6357.85744855870
0.00000000183 5.43418358741 369.699815940400
0.00000000134 3.09132862833 17.8125221180000
0.00000000132 3.05633896779 22490.9621214934
0.00000000134 4.09472795832 6599.46771964800
0.00000000181 4.22950689891 966.970877435600
0.00000000152 5.28885894415 12669.2444742014
0.00000000150 5.86819430908 97238.6275444875

0.00000000142 5.87266532526 22476.7350274918
0.00000000145 5.07330784304 87.3082045398100
0.00000000133 5.65471067133 31.9723058168000
0.00000000124 2.83326217072 12566.2190102856
0.00000000135 3.12861731644 32217.2001810808
0.00000000137 0.86487461904 9924.81042151060
0.00000000172 1.98369595114 174242.465964050
0.00000000170 4.41115280254 327574.514276781
0.00000000151 0.46542099527 39609.6545831656
0.00000000148 2.13439571118 491.663292458800

0.00000000153 3.78801830344 17363.2474289090
0.00000000165 5.31654110459 16943.7627850338
0.00000000165 4.06747587817 58953.1454432940
0.00000000118 0.63846333239 6.06591562980000
0.00000000159 0.86086959274 221995.028801495
0.00000000119 5.96432932413 1385.89527633620
0.00000000114 5.16516114595 25685.8728028080
0.00000000112 3.39403722178 21393.5419698576
0.00000000112 4.92889233335 56.8032621698000
0.00000000119 2.40637635942 18635.9284545362

0.00000000115 0.23374479051 418.924398900600
0.00000000122 0.93575234049 24492.4061136516
0.00000000115 4.58880032176 26709.6469424134
0.00000000130 4.85539251000 22345.2603761082
0.00000000140 1.09413073202 44809.6502008634
0.00000000112 6.05401806281 433.711737876800
0.00000000104 1.54931540602 127.951533034600
0.00000000105 4.82620858888 33794.5437235286
0.00000000102 4.12448497391 15664.0355227086
0.00000000107 4.67919356465 77690.7595057385

0.00000000118 4.52320170120 19004.6479494084
0.00000000107 5.71774478555 77736.7834305025
0.00000000143 1.81201813018 4214.06901508480
0.00000000125 1.14419195615 625.670192312400
0.00000000124 3.27736514057 12566.0843896800
0.00000000110 1.08682570828 2787.04302385740
0.00000000105 1.78318141871 18139.2945014159
0.00000000102 4.75119578149 12242.6462833254
0.00000000137 1.43510636754 86464.6133168312
0.00000000101 4.91289409429 401.672121757200

0.00000000129 1.23567904485 12029.3471878874
0.00000000138 2.45654707999 7576.56007357400
0.00000000103 0.40004073416 90279.9231681033
0.00000000108 0.98989774940 5636.06501667660
0.00000000117 5.17362872063 34520.3093093808
0.00000000100 3.95534628189 5547.19933645960
0.00000000098 1.28118280598 21548.9623692918
0.00000000097 3.34717130592 16310.9790457206
0.00000000098 4.37041908717 34513.2630726828
0.00000000125 2.72164432960 24065.8079227756

0.00000000102 0.66938025772 10239.5838660108
0.00000000119 1.21689479331 1478.86657406440
0.00000000094 1.99595224256 13362.4497067992
0.00000000094 4.30965982872 26880.3198130326
0.00000000095 2.89807657534 34911.4120760910
0.00000000106 1.00156653590 16522.6597160022
0.00000000097 0.89642320201 71980.6335747312
0.00000000116 4.19967201116 206.700737296600
0.00000000099 1.37437847718 1039.02661079040
0.00000000126 3.21642544972 305281.943071049

0.00000000094 0.68997876060 7834.12107263940
0.00000000094 5.58132218606 3104.93005942380
0.00000000095 3.03823741110 8982.81066930900
0.00000000108 0.52696637156 276.745771864400
0.00000000124 3.43899862683 172146.971340540
0.00000000102 1.04031728553 95143.1329209781
0.00000000104 3.39218586218 290.972865866000
0.00000000110 3.68205877433 22380.7558002740
0.00000000117 0.78475956902 83286.9142695536
0.00000000083 0.18241793425 15141.3907943120

0.00000000089 4.45371820659 792.774888467400
0.00000000082 4.80703651241 6819.88036208680
0.00000000087 3.43122851097 27707.5424942948
0.00000000101 5.32081603011 2301.58581590939
0.00000000082 0.87060089842 10241.2022911672
0.00000000086 4.61919461931 36147.4098773004
0.00000000095 2.87032884659 23020.6530865880
0.00000000088 3.21133165690 33326.5787331742
0.00000000080 1.84900424847 21424.4666443034
0.00000000101 4.18796434479 30666.1549584328

0.00000000107 5.77864921649 34115.1140692746
0.00000000104 1.08739495962 6288.59877429880
0.00000000110 3.32898859416 72140.6286666874
0.00000000087 4.40657711727 142.178627036200
0.00000000109 1.94546030825 24279.1070182136
0.00000000087 4.32472045435 742.990060532600
0.00000000107 4.91580912547 277.034993741400
0.00000000088 2.10180220766 26482.1708096244
0.00000000086 4.01887374432 12491.3701014155
0.00000000106 5.49092372854 62883.3551395136

0.00000000080 6.19781316983 6709.67404086740
0.00000000088 2.09872810657 238004.524157236
0.00000000083 4.90662164029 51.2803378624100
0.00000000095 4.13387406591 18216.4438106610
0.00000000078 6.06949391680 148434.534037691
0.00000000079 3.03048221644 838.969287750400
0.00000000074 5.49813051211 29026.4852295078
0.00000000073 3.05008665738 567.718637730400
0.00000000084 0.46604373274 45.1412196366000
0.00000000093 2.52267536308 48739.8598970830

0.00000000076 1.76418124905 41654.9631159678
0.00000000067 5.77851227793 6311.52503745920
0.00000000062 3.32967880172 15508.6151232744
0.00000000079 5.59773841328 71960.3865832237
0.00000000057 3.90629505268 5999.21653112620
0.00000000061 0.05695043232 7856.89627409019
0.00000000061 5.63297958433 7863.94251078820
0.00000000065 3.72178394016 12573.2652469836
0.00000000057 4.18217219541 26087.9031415742
0.00000000066 3.92262333487 69853.3520756813

0.00000000053 5.51119362045 77710.2483497715
0.00000000053 4.88573986961 77717.2945864695
0.00000000062 2.88876342225 9411.46461508720
0.00000000051 1.12657183874 82576.9812209953
0.00000000045 2.95671076719 24602.6124348710
0.00000000040 5.55145719241 12565.1713789146
0.00000000039 1.20838190039 18842.1140029734
0.00000000045 3.18590558749 45585.1728121874
0.00000000049 2.44790934886 13613.8042773360
